714.0483857
500.3632011
407.3039158
352.1993449
314.7302684
287.1349754
265.7218041
248.4811526
234.2131566
222.1513509
211.7801618
202.7383204
194.76415
181.2859595
175.5181788
170.2683316
161.0435701
153.1728875
146.3544779
140.3730247
135.0702384
128.1352813
124.0650195
118.6277771
112.3797479
108.2925611
103.478765
98.27823604
94.63966138
89.86913373
86.40183507
82.16049611
78.98378013
75.2713318
72.0388489
68.85850406
65.7769814
62.82462785
60.01912522
57.36879748
54.87534434
52.39051823
50.09010591
47.9587912
45.78798426
43.8050298
41.83932021
39.99014008
38.25619268
36.53603295
34.94610195
33.40065462
31.94894261
30.56068242
29.21810557
27.93355732
26.7141194
25.5467116
24.43798438
23.37864873
22.36317515
21.39792138
20.46962882
19.59246818
18.74882739
17.95059967
17.1850608
16.45739279
15.76309102
15.1025809
14.4704776
13.87086248
13.29963782
12.75793782
12.2415519
11.74946808
11.28465535
10.84254727
10.4241436
10.02776353
9.654528221
9.302866129
8.972573485
8.664187957
