504.5713172
329.8965451
262.7431392
223.5253617
197.3424971
178.4556953
163.801769
153.0670816
144.2572344
136.8024345
130.2925066
124.6895276
119.8535972
111.8932708
108.4783607
105.1993827
99.40865463
94.23613087
89.75582432
85.61187792
82.18777259
77.77945414
75.1555013
71.74930138
67.74769201
65.35456007
62.54748206
59.73319639
57.41270131
54.1661732
51.33456
46.99464589
44.06613506
40.74917943
37.99507681
35.4078335
33.09529053
30.86528096
30.3109779
30.24008712
29.73532313
29.15302466
28.26025626
27.92817594
27.44189985
26.95536531
27.00426755
26.68105697
26.56877439
26.38953949
25.79687129
24.76252689
23.60728597
22.07155761
20.10287143
18.27958587
15.99703191
14.13772954
12.67171609
11.53828282
10.63822601
9.91761398
9.273785985
9.151644696
9.106713831
8.422842302
6.954541621
5.91865587
5.58899319
5.596748299
6.123020409
5.522869178
4.75038439
4.4053265
4.71316578
3.926123686
3.955373229
4.375881929
4.141676653
4.523772351
4.452612448
4.751479161
4.423499494
4.182855109
