0.005430807526
0.006651630487
0.007176755611
0.007016561727
0.006677791616
0.006289095646
0.005889727838
0.005510339521
0.005172545434
0.004892065301
0.004665284965
0.004478202576
0.004317879921
0.004046812357
0.003934751826
0.003840235943
0.003677223275
0.003512687217
0.003348851012
0.003203760015
0.003084469945
0.002937619747
0.002855859732
0.002733340519
0.002578174372
0.002480995744
0.002374664777
0.002252222113
0.00216417748
0.002050765387
0.001960792989
0.001854781648
0.00177644787
0.001691097132
0.001623015409
0.001550349765
0.001481245753
0.001416663887
0.001358915928
0.001295436102
0.001237129134
0.001177804758
0.00112351121
0.001071524423
0.001020309666
0.000976863212
0.0009311118965
0.0008896138243
0.0008480685767
0.0008078294008
0.0007752322963
0.000748400699
0.0007199322463
0.0006930992405
0.000670794723
0.0006593263606
0.0006487892036
0.00063458382
0.0006129843863
0.000590189947
0.000562783585
0.0005316746552
0.0005093062326
0.0004934664707
0.0004850143583
0.0004828056495
0.0004894375475
0.0005030666073
0.0005199453131
0.0005426972447
0.0005766145979
0.0006132139855
0.0006505616037
0.0006869676122
0.0007250107129
0.0007728803854
0.0008229412623
0.0008738781842
0.0009156606682
0.000960369056
0.001022467099
0.001106790807
0.001198686255
0.001305801199
