537.6600528
328.1663251
252.205121
211.2701372
185.0249225
166.462381
152.4791542
141.4732496
132.5269378
125.0731671
118.7408149
113.275744
108.4974483
100.5055967
97.11675875
94.0478303
88.69004946
84.15238374
80.24531217
76.83536771
73.82550237
69.90714967
67.61649438
64.56660909
61.07557985
58.79945436
56.12600877
53.24629807
51.23652043
48.60748112
46.70072345
44.37273967
42.63216457
40.60121675
38.8354935
37.10054773
35.4215867
33.81483292
32.28958691
30.85006744
29.4969208
28.14954808
26.90312377
25.74913043
24.57455957
23.50235954
22.44020438
21.44171969
20.50614239
19.57874999
18.72233683
17.8907283
17.11047684
16.36535164
15.64592881
14.9589669
14.30838668
13.68737167
13.09965074
12.54051662
12.00734012
11.50377086
11.02327193
10.57357377
10.146102
9.747403168
9.371686103
9.022172575
8.697395947
8.398333989
8.123457074
7.875477414
7.653617314
7.459272507
7.291948144
7.152515898
7.042767601
6.962517196
6.912915502
6.894602527
6.908294434
6.954551006
7.033970583
7.146841432
