507.788941
348.3938479
281.4995148
242.492764
216.1954129
196.9334794
182.0434825
170.0884241
160.2158906
151.884066
144.7299173
138.4998704
133.0107375
123.7434999
119.7816355
116.1774825
109.8487684
104.4531896
99.78191762
95.68619127
92.05678522
87.31245574
84.52902731
80.81202854
76.54243848
73.75039658
70.46291464
66.91241717
64.42896216
61.17374064
58.80839114
55.91571
53.74966141
51.21895295
49.01603743
46.84928079
44.75053773
42.74051828
40.83129768
39.0285748
37.33353756
35.64554375
34.0841404
32.63892904
31.16870518
29.82767475
28.50065867
27.2550199
26.09003164
24.93798132
23.87727406
22.85106208
21.89256551
20.98223259
20.10921828
19.2824968
18.50745731
17.77673561
17.09556074
16.45937671
15.86636976
15.32178954
14.8199691
14.37032523
13.96573704
13.61396663
13.31143474
13.06251317
12.86771807
12.72924021
12.64819657
12.62704864
12.66707567
12.76943542
12.93611658
13.16915682
13.46790417
13.83598306
14.27385083
14.78460308
15.36821409
16.02882646
16.76964972
17.59276709
