0.004994112166
0.009988224333
0.0149823365
0.01997644867
0.02497056083
0.029964673
0.03495878516
0.03995289733
0.0449470095
0.04994112166
0.05493523383
0.059929346
0.06492345816
0.0749116825
0.07990579466
0.08489990683
0.09488813116
0.1048763555
0.1148645798
0.1248528042
0.1348410285
0.149823365
0.1598115893
0.1747939258
0.1947703745
0.209752711
0.2297291597
0.2546997205
0.2746761692
0.3046408421
0.329611403
0.3645701881
0.3945348611
0.4344877585
0.4744406558
0.5193876653
0.569328787
0.6242640208
0.6841933668
0.749116825
0.8190343953
0.8989401899
0.9838400968
1.073734116
1.178610471
1.288480939
1.413333743
1.548174772
1.693004024
1.857809726
2.032603652
2.227374026
2.437126737
2.666855897
2.921555617
3.201225899
3.505866741
3.840472256
4.205042444
4.604571417
5.044053288
5.523488056
6.052863946
6.627186845
7.26143909
7.950626569
8.709731618
9.538754238
10.44768265
11.44151097
12.53522154
13.72881435
15.03727173
16.46558781
18.03373903
19.75670773
21.6344939
23.69706223
25.95440093
28.43148056
31.13828936
34.10479198
37.355959
40.91176687
