0.005650541999
0.006920760357
0.007447367321
0.007238605822
0.006848770144
0.006430765185
0.006038270313
0.005696833992
0.005410855747
0.005175374158
0.004979194825
0.004810575734
0.004658896729
0.004386868471
0.004261583147
0.004140850699
0.003924324431
0.003729391403
0.003553592441
0.003405204945
0.003279870035
0.003118127595
0.003030340444
0.002919209205
0.00278906664
0.002703858429
0.002603760942
0.002485603915
0.002399650503
0.002284014324
0.002198040823
0.002092500085
0.002013100808
0.001925522155
0.001844473326
0.001765269994
0.001697033199
0.00163295208
0.001567112968
0.001501941189
0.001435173623
0.001370875541
0.001317323027
0.001262766034
0.001208568929
0.00117282027
0.001146441662
0.001129850253
0.001123527092
0.001120382407
0.00111941389
0.001123880793
0.001128655107
0.001132658675
0.001148763887
0.001177584113
0.001219988934
0.001272017545
0.001331551072
0.001403957073
0.001491440795
0.001589702644
0.001702363055
0.001830694391
0.001980982361
0.002150420197
0.002339943016
0.002542946518
0.002772201333
0.00302401567
0.003294346422
0.00358032884
0.003886922221
0.004216978826
0.004573020057
0.004959257393
0.005375475354
0.005844749434
0.006361030486
0.006924708085
0.007555605986
0.008243132283
0.00902638897
0.009881515804
