0.03406650809
0.01967979857
0.01467359877
0.0120584121
0.01042140277
0.009285291052
0.008442431945
0.007787328925
0.007260396983
0.006825281918
0.006458458438
0.00614397986
0.005870623177
0.005416763533
0.005225566074
0.005053058335
0.004753337786
0.004500915165
0.004284596756
0.004096563575
0.00393117051
0.003716651474
0.003591652314
0.003425678491
0.003236320449
0.003113208264
0.00296894589
0.002813951997
0.002706017614
0.002565110593
0.002463110707
0.002338792766
0.002245992815
0.002137867623
0.00204399509
0.001951875116
0.001862834624
0.001777719864
0.001697008927
0.001620911293
0.00154944894
0.00147836107
0.001412665543
0.001351904732
0.001290131952
0.001233818167
0.001178119646
0.001125861587
0.001077012955
0.001028740858
0.0009843416371
0.000941452466
0.0009014873947
0.0008636643179
0.0008275843705
0.0007936884767
0.0007622809537
0.00073317046
0.0007066994525
0.0006828550572
0.0006617846265
0.0006439245664
0.0006293960944
0.0006188050212
0.0006123619113
0.0006106071223
0.0006139541588
0.0006228449402
0.0006377305748
0.0006589647239
0.0006870776869
0.0007221776343
0.0007647129339
0.0008147964489
0.0008730444227
0.0009399291099
0.001015320294
0.001100287699
0.001195126776
0.0013007749
0.001417553714
0.001546661328
0.001689106433
0.00184569425
