588.2586706
448.002679
375.1254197
327.5919476
293.9902044
270.7839135
253.5197196
239.4842941
228.1731648
217.8924416
207.8927155
199.3054618
191.8587649
178.9046627
173.187399
167.8000675
158.1331633
149.7109016
142.8164221
136.4206092
131.3069075
125.1204849
121.5177041
117.1075717
111.7338716
108.6497172
104.4731246
99.80746596
95.87056037
91.08097179
86.67580012
78.74062464
72.72021347
65.69020682
60.18860228
55.38841605
50.75154091
46.34287791
46.49664719
47.62233372
48.55560054
48.78073218
48.94646556
49.76405253
50.04324063
49.35629818
50.46974081
51.14195424
51.86969639
52.62762212
51.71796804
50.28682773
48.31475013
45.18253388
40.28997741
35.31754526
29.20580157
23.99930165
20.36689217
18.42865951
17.23450888
16.75855599
16.53658676
17.9651918
19.73062714
19.15393635
16.08575428
13.87952797
13.75544594
14.04743678
15.22546336
13.58142812
11.85729753
11.610029
12.60905184
10.71434981
10.35306818
10.59763494
9.762356758
10.22466288
9.265439225
9.220922728
8.076850138
7.219383523
