450.456557
384.4617473
361.0372661
343.9111481
326.8988542
300.2819905
268.5632963
231.9721824
198.9738816
175.5881979
160.978344
152.4959783
144.2187585
128.6594501
123.9364297
121.2939571
115.3380399
104.7911971
92.85179222
82.24748857
77.32556403
77.25286701
78.61701972
72.91562987
62.19249535
59.81788637
56.99788504
53.19329951
51.23492229
49.24013308
45.60577232
43.4403045
40.36932064
36.55849589
34.26010625
32.5328418
31.09946229
29.86372324
28.57083499
28.15453195
27.55437278
26.35769584
25.29875906
24.64209194
23.63568791
23.04511624
22.39039504
21.84783025
21.2513865
20.86339296
20.27296983
19.46781742
18.59261337
17.59490647
16.29117546
14.96358046
13.45270759
12.2841856
11.60218938
11.19884903
10.81782186
10.29952867
9.842310343
9.61005204
9.427796023
8.820184769
7.931282469
7.316938276
7.197072221
7.239076769
7.482661666
7.293098594
7.142251141
7.059679023
6.910788016
6.417243658
6.086823488
5.575670552
5.186727933
5.081063505
4.838627161
5.123192696
5.589467681
5.980233065
