0.01820498635
0.01287311435
0.01051107237
0.009103061001
0.008142223387
0.007432993183
0.006881806652
0.006437532118
0.006069555085
0.00575827791
0.005490496173
0.005256945056
0.005050906467
0.004702531646
0.004553410331
0.004417662981
0.004179105178
0.00397554738
0.003799203919
0.003644516874
0.003507398269
0.003328116952
0.00322292554
0.003082458705
0.00292114788
0.002815705254
0.002691625282
0.002557749366
0.002464221452
0.002341825328
0.002253073927
0.002144821804
0.002064029868
0.001970018771
0.001888619557
0.001809073092
0.001732659062
0.00166024059
0.001592359238
0.001529320452
0.001471263949
0.001414974113
0.001364667891
0.001320061579
0.001277181762
0.001240905456
0.001208450202
0.001181989183
0.001161731423
0.001147133364
0.001139736198
0.001139523239
0.001147026289
0.001162709484
0.001187437954
0.001221662614
0.001265560718
0.001319947858
0.001384846047
0.001461087035
0.001549585224
0.001650232205
0.001765012365
0.001892690398
0.002036443173
0.002194997515
0.002371657968
0.002566308345
0.002781177301
0.003017344654
0.003278287364
0.003563929693
0.003877786788
0.004220996848
0.004598310006
0.00501329243
0.005465906888
0.005963344177
0.006507987892
0.007105840959
0.007759295202
0.008475568245
0.009260676184
0.01011943169
