0.01602003095
0.01120727927
0.009117651334
0.007881769603
0.007041961332
0.006423710067
0.005944098492
0.005558021226
0.005238560995
0.004968529796
0.004736369334
0.004533982513
0.004355505557
0.004053862058
0.003924787158
0.003807307251
0.003600887399
0.003424777059
0.003272219001
0.003138392938
0.003019755556
0.002864609058
0.002773554516
0.002651924856
0.002512166629
0.002420748833
0.002313086377
0.00219678561
0.002115423873
0.002008764521
0.001931255195
0.001836461181
0.001765478464
0.001682548764
0.001610367353
0.001539381495
0.001470639442
0.001404824199
0.00134233565
0.001283364521
0.001227953523
0.001172820477
0.001121877699
0.001074787889
0.001026962702
0.0009834309136
0.0009404652121
0.0009002651952
0.0008628173156
0.0008259704697
0.0007922575689
0.0007598950546
0.0007299635165
0.0007018831213
0.0006753722975
0.0006507672447
0.0006282880949
0.0006077908507
0.000589501721
0.0005733859014
0.0005595110751
0.0005481177798
0.00053922651
0.0005331397467
0.0005299091857
0.000529759647
0.0005328549352
0.0005393579125
0.000549459721
0.0005633022312
0.000581163209
0.0006030730792
0.0006292976489
0.0006599080006
0.0006952911643
0.0007357469814
0.0007812119475
0.0008323442562
0.0008893307198
0.0009527400493
0.001022767372
0.001100130304
0.001185429814
0.001279143088
