0.006440191934
0.007887920315
0.008513816584
0.008315176016
0.007906090401
0.007460253817
0.007036325298
0.006659063569
0.006327170879
0.006040637229
0.005793561176
0.005576368562
0.005382542001
0.00503676734
0.004882241508
0.004743965657
0.004500828535
0.00428414756
0.004098347878
0.003939119837
0.003794490729
0.003612452265
0.003512528523
0.003367724516
0.003199535632
0.003091903414
0.002960473145
0.002803582136
0.002696963341
0.002557842249
0.002455050632
0.002350317227
0.002265954167
0.002175078273
0.002096008105
0.002018107667
0.001940463235
0.00186252214
0.001775457526
0.00169426998
0.001620328417
0.001535727551
0.001450811188
0.001378893341
0.001306179908
0.001240683927
0.001169481957
0.001103949013
0.00105155273
0.001010764776
0.0009693120208
0.0009230455708
0.0008792049297
0.0008431920221
0.0008106516234
0.0007758749183
0.0007348680645
0.0006993970368
0.0006677175388
0.0006357623454
0.0005981532094
0.000562145883
0.0005336981869
0.0005177385103
0.0005067926834
0.0004965366893
0.0004935904241
0.000504096327
0.00053193547
0.0005618135295
0.0005984099535
0.0006304854491
0.0006706544407
0.0007207939069
0.000779645947
0.0008494922584
0.000931771596
0.001027182177
0.001132118
0.001257373662
0.001383944008
0.001528187817
0.001676105586
0.001831445955
