0.03432612049
0.01948698857
0.01437562454
0.01172910819
0.01008492798
0.008951109946
0.008114530587
0.007467358894
0.006948931365
0.006522372971
0.006163904092
0.005857457761
0.005591760381
0.005358650984
0.005152064933
0.004967393659
0.00480106701
0.004650272518
0.004512761738
0.004386713544
0.004270635678
0.004163292552
0.004063651431
0.003970841751
0.003802865211
0.003726520661
0.003586746549
0.003522545611
0.003403925355
0.003296633854
0.003198987337
0.003109631572
0.003027463547
0.002951574704
0.002847895066
0.002784655311
0.002697372528
0.002617975177
0.002545350663
0.002478593999
0.002416960581
0.002341697157
0.002273252117
0.002210661858
0.002153142944
0.002100051035
0.002039104414
0.001983383855
0.00193218964
0.001875928307
0.001832802234
0.001777389891
0.001733911886
0.001687244304
0.001644388458
0.00159945996
0.001558285483
0.001515849036
0.001476982783
0.001437423456
0.001401178557
0.001364629198
0.001331106741
0.001297539061
0.001264248737
0.001233739703
0.001201535371
0.001172121971
0.001143415925
0.001115539356
0.001090017655
0.001063920938
0.001038863116
0.001014869146
0.0009909574405
0.0009692012792
0.0009476829707
0.0009273591861
0.000907517263
0.0008883121854
0.0008704162136
0.0008532687657
0.000836959848
0.0008219540278
0.0008074757724
0.0007940091107
0.0007813165953
0.0007697633689
0.000759158975
0.0007497709616
0.0007414550097
0.0007341739141
0.000728154187
0.0007234430306
0.0007200398369
0.0007180392089
0.0007175205839
0.0007185494183
0.0007212183861
0.0007255613472
0.0007317498575
0.0007398881913
0.0007499572822
0.0007620956283
0.0007764768207
0.0007930263164
0.000812052525
0.0008334537067
0.0008574052923
0.0008841008614
0.0009133854484
0.0009458114741
0.0009810255033
0.001019408166
0.001060963555
0.00110589146
0.001154186937
0.001206264633
0.001262122085
0.001321968198
0.001385793106
0.001454029247
0.001526667978
0.001604150403
0.001686696699
0.001774298007
0.001867403935
0.001966469354
0.002071254862
0.002182682633
0.002300747316
0.002425910379
0.002558635604
0.002699152976
0.002847928323
0.00300566514
0.003172596023
0.003349190059
0.003536154158
0.00373395939
0.003943314669
0.004164692278
0.004399040203
0.004647069746
0.004909254714
0.005186545051
0.005479891413
0.005790245015
0.006118557509
0.006465542548
0.006832629039
0.007220769634
0.007631155616
0.008065217055
0.008524384362
0.009009611076
0.009523043723
0.0100656362
0.01063953555
0.01124641184
0.01188793525
0.01256649212
0.01328375292
0.014042343
0.01484441048
0.01569258097
