461.4338007
282.1137777
219.3806922
184.8206234
162.5101346
146.4719448
134.1927621
124.4773411
116.9076404
110.3741005
104.9403507
100.1493366
96.01598889
92.19082109
88.89376533
85.91484319
83.25912897
80.69068626
78.42570405
76.32718547
74.38073048
72.57595146
70.89571014
69.32134606
66.43266599
65.17484506
62.85717508
61.76846942
59.77552602
57.88122259
56.21223436
54.66543886
53.27605156
52.02269731
50.22537514
49.12271087
47.62592841
46.28192453
44.98744115
43.72591149
42.58307027
41.01446726
39.34118492
37.82891357
36.45529636
35.23447142
33.91364667
32.75701468
31.73398069
30.60890106
29.75210038
28.66365128
27.82975311
26.94410823
26.48547218
26.13158016
25.75109274
25.30901726
24.87819147
24.41779
23.94771428
23.46373483
23.03279892
22.64002772
22.21534737
21.79877387
21.38053315
21.14105296
20.82700907
20.49055672
20.12461791
19.81547398
19.52550875
19.20399213
18.75984187
18.32047262
17.84458551
17.39115966
16.97108146
16.37610183
15.77147099
15.19266127
14.67328913
14.10479351
13.54106055
13.09590294
12.70233801
12.32596752
12.01097027
11.74107974
11.44289415
11.09521297
10.71680733
10.29037899
9.906310242
9.560389812
9.264500528
8.91899702
8.557064479
8.108371777
7.63254964
7.224093484
6.911051556
6.696011249
6.538511717
6.478394157
6.514189675
6.523928721
6.415794815
6.276300838
6.202414393
6.077388652
5.95801392
5.866195691
5.652568933
5.477144051
5.368019854
5.333994445
5.257455683
5.131249529
5.02920617
4.912397798
4.715055634
4.586774877
4.550175333
4.447912268
4.344731776
4.243710217
4.127218855
4.120006426
4.058982766
3.985687623
3.870784133
3.814861255
3.743958105
3.679946137
3.654344279
3.607652816
3.563762307
3.536757496
3.481835797
3.44998277
3.43725898
3.442764341
3.441754552
3.442471817
3.441407399
3.449721321
3.444473159
3.442424274
3.424169679
3.399159415
3.346054512
3.232847944
3.077086765
2.896880607
2.686087307
2.485265367
2.289823849
2.126258219
2.069945076
2.085632128
2.055322817
1.981832568
1.907375023
1.896500353
