0.03706576612
0.02105411501
0.01553615901
0.01267776678
0.01090117358
0.009675544892
0.008770881414
0.008070792676
0.007509788177
0.007048051895
0.006659903414
0.006327988727
0.006040129329
0.005787507917
0.00556357121
0.005363338658
0.005182951455
0.005019369376
0.004870161607
0.004733359096
0.0046073482
0.004490792679
0.004382575568
0.004281755203
0.004099219974
0.004016230952
0.003864242976
0.003794409247
0.003665340757
0.003548549527
0.003442212704
0.003344863987
0.003255308917
0.00317256348
0.003059458774
0.002990434743
0.002895120378
0.002808364241
0.002728960437
0.002655927921
0.002588459384
0.00250601234
0.002430973752
0.002362298304
0.00229913596
0.002240787466
0.002173745146
0.002112388658
0.002055958173
0.001993871665
0.001946225581
0.001884928512
0.001836766639
0.00178499965
0.001737388769
0.001687393283
0.001641493689
0.001594096695
0.001550597595
0.001506224686
0.001465472646
0.001424273389
0.001386382589
0.00134832937
0.001310466892
0.001275645754
0.001238746304
0.001204898506
0.00117171109
0.001139316559
0.001109494133
0.001078812778
0.001049147198
0.001020521466
0.0009917436696
0.0009653050902
0.0009388730575
0.0009136022496
0.0008885874289
0.0008639859533
0.0008406417628
0.0008178076798
0.0007955654671
0.00077453453
0.0007535904484
0.0007333683982
0.0007134473312
0.0006943349201
0.0006756515718
0.0006578031114
0.0006404509373
0.0006233556988
0.0006068761221
0.0005910247949
0.000575588564
0.0005606195753
0.0005461558847
0.0005322238579
0.0005186880085
0.0005057359294
0.0004931133703
0.0004808827056
0.0004691974999
0.0004579700813
0.0004471430731
0.0004368406754
0.0004269339673
0.000417536481
0.0004086110056
0.0004001390379
0.0003922081739
0.0003847165895
0.0003777921395
0.0003713942558
0.0003655642925
0.0003603142223
0.0003556830087
0.0003516733563
0.0003483310573
0.0003456856945
0.0003437764555
0.0003426298684
0.0003422855021
0.0003427793732
0.0003441525097
0.0003464378559
0.0003496765975
0.0003539155268
0.0003591676916
0.0003654996542
0.00037293051
0.000381502596
0.0003912588959
0.0004022234093
0.0004144355735
0.0004279551339
0.0004428014962
0.0004590123708
0.0004766475812
0.0004957454572
0.0005163673151
0.0005385516946
0.0005623853971
0.0005879328552
0.0006152342908
0.0006443799214
0.0006754615674
0.0007085723531
0.0007438064906
0.000781233357
0.0008210003396
0.0008632044682
0.000907969416
0.0009554458211
0.001005785287
0.001059087748
0.001115584823
0.001175377663
0.001238699337
0.001305730967
0.001376654113
0.001451729966
0.001531140962
0.001615175593
0.001704069875
0.00179811304
