1521.978292
971.3722965
762.459123
646.6226665
570.8860756
516.5486881
475.1680848
442.3179339
415.429708
392.8990802
373.6663161
356.9999252
342.3767298
329.4114171
317.8131489
307.3577567
297.8693173
289.2075869
281.2592138
273.9314574
267.1476104
260.8436052
254.9654577
249.4673157
239.4595725
234.8869057
226.4758099
222.5953575
215.3973422
208.8550459
202.8746303
197.3800366
192.3088778
187.6094334
181.1644176
177.2192574
171.7566956
166.7699309
162.1936849
157.974565
154.0684199
149.2842103
144.9196595
140.9168035
137.2283002
133.8150515
129.8863918
126.2846079
122.9667524
119.3106395
116.5008902
112.8811023
110.0330823
106.9680993
104.1457808
101.1786389
98.45149349
95.63231508
93.04227336
90.39755592
87.96631355
85.50613132
83.24151468
80.96527007
78.69852476
76.61217138
74.39951966
72.36823899
70.37506564
68.42803227
66.63427362
64.7874997
63.00052393
61.27488888
59.53874942
57.94249503
56.34538768
54.81720965
53.30324406
51.81297599
50.39756419
49.01174621
47.66046346
46.38138914
45.10612612
43.87328201
42.65713126
41.48861495
40.34448208
39.24954391
38.1829942
37.1299737
36.11243799
35.13109342
34.17261585
33.24005595
32.33560495
31.46073885
30.60671332
29.78513311
28.9795727
28.19355892
27.43659881
26.70266227
25.98747017
25.2987053
24.62713804
23.97975119
23.35328406
22.7455068
22.16178542
21.59344859
21.04887478
20.52358668
20.01935391
19.535417
19.07337579
18.63103083
18.21035209
17.81153973
17.43629867
17.08383881
16.75605486
16.45285874
16.1755217
15.92602464
15.70502965
15.51368477
15.35446315
15.22801581
15.13654345
15.08170732
15.06535335
15.08936831
15.15557202
15.26599118
15.42233209
15.62628835
15.87977651
16.18435053
16.5418077
16.9534437
17.42134011
17.94710938
18.53173403
19.17715462
19.88533288
20.65824033
21.49785359
22.40552467
23.38449188
24.4367935
25.56513851
26.77295139
28.06372717
29.43966227
30.90638667
32.46619432
34.12484706
35.88679668
37.75653759
39.74069959
41.84386737
44.0734628
46.43554851
48.93762678
