0.008808131131
0.01761626226
0.02642439339
0.03523252452
0.04404065565
0.05284878678
0.06165691791
0.07046504904
0.07927318018
0.08808131131
0.09688944244
0.1056975736
0.1145057047
0.1233138358
0.132121967
0.1409300981
0.1497382292
0.1585463604
0.1673544915
0.1761626226
0.1849707537
0.1937788849
0.202587016
0.2113951471
0.2290114094
0.2378195405
0.2554358028
0.2642439339
0.2818601962
0.2994764584
0.3170927207
0.334708983
0.3523252452
0.3699415075
0.3963659009
0.4139821631
0.4404065565
0.4668309499
0.4932553433
0.5196797367
0.5461041301
0.5813366546
0.6165691791
0.6518017037
0.6870342282
0.7222667527
0.7663074084
0.810348064
0.8543887197
0.9072375065
0.9512781621
1.01293508
1.065783867
1.127440785
1.189097703
1.259562752
1.330027801
1.409300981
1.488574161
1.576655472
1.664736784
1.761626226
1.858515669
1.964213242
2.078718947
2.193224652
2.325346618
2.457468585
2.598398684
2.748136913
2.897875142
3.065229633
3.241392256
3.42636301
3.628950026
3.831537042
4.05174032
4.280751729
4.527379401
4.791623335
5.0646754
5.355343727
5.663628317
5.980721038
6.324238152
6.685371528
7.072929298
7.47810333
7.909701755
8.358916443
8.834555524
9.34542713
9.882723129
10.44644352
11.04539644
11.67958188
12.34899985
13.05365034
13.80234148
14.58626515
15.42303761
16.31265885
17.24632075
18.23283144
19.28099904
20.38201544
21.55349688
22.78663523
24.09023864
25.47311523
26.92645687
28.47668795
30.1061922
31.83258591
33.65586905
35.58484977
37.61952806
39.77752019
42.05882615
44.47225408
47.01780398
49.7130921
52.55811846
55.5704993
58.75904277
62.12374886
65.68223384
69.45211396
73.4245811
77.63486779
82.08297401
86.78651603
91.76311012
97.0215644
102.5794951
108.4633267
114.6818673
121.2527331
128.2023486
135.54833
143.3171016
151.5262798
160.2110971
169.3979779
179.1045384
189.3660112
200.2176287
211.6946236
223.8322283
236.6568672
250.2213892
264.5610266
279.7198203
295.750619
312.7062714
330.6220101
349.5771083
369.6067985
390.7903539
413.1894313
436.8656878
461.9072046
488.3756387
516.3678794
545.9632
577.2584899
