720.7565782
504.7479159
410.7815903
355.1641738
317.3551494
289.5134381
267.911079
250.519237
236.1267898
223.9601894
213.4991547
204.3791502
196.3361523
189.1736126
182.7417917
176.9243373
171.6292849
166.782856
162.3250815
158.2066463
154.3865734
150.8304947
147.5093407
144.3983344
138.7245957
136.1275302
131.342961
129.1324094
125.0267417
121.2893256
117.8682107
114.7211602
111.8134335
109.1161585
105.4129025
103.1437579
99.99905119
97.12548475
94.48620868
92.05102375
89.79491366
87.02964729
84.50506673
82.18816783
80.05195364
78.074098
75.7963531
73.70699767
71.78141712
69.65851669
68.02635264
65.92276893
64.2670109
62.48446879
60.84247586
59.11564058
57.52796265
55.88619664
54.37742419
52.83637098
51.41933193
49.98506625
48.66450023
47.33685604
46.01446061
44.79705015
43.50568056
42.3199287
41.1562038
40.01921002
38.9715408
37.89272389
36.8486599
35.8402653
34.8255603
33.89245593
32.95869729
32.06508649
31.17963216
30.30787834
29.47975634
28.66878967
27.87786768
27.12904581
26.38227967
25.660168
24.94763448
24.26279922
23.59202802
22.9498594
22.32408358
21.70596033
21.10835594
20.53167199
19.96805743
19.41927667
18.88658995
18.3708376
17.86682636
17.38136655
16.90470418
16.43885528
15.98939491
15.5526833
15.12608884
14.71410799
14.3111194
13.92119597
13.54225591
13.17279697
12.81592571
12.46614539
12.12839298
11.79967043
11.48081371
11.17104277
10.87105121
10.57901914
10.29578727
10.02099179
9.755267546
9.497432631
9.248158874
9.006566461
8.77269168
8.547160573
8.329389677
8.119012762
7.917120472
7.722536768
7.535948295
7.357241722
7.186417782
7.023829506
6.869568891
6.723597383
6.586398967
6.458252941
6.339342495
6.230085509
6.130818398
6.042047983
5.964142512
5.897643248
5.84317081
5.80125699
5.772495889
5.75752228
5.756991201
5.771544042
5.801841533
5.848520805
5.912212289
5.99356735
6.093224979
6.21167517
6.349661017
6.507591346
6.686173756
6.885963918
7.107487807
7.351506171
7.618519838
7.909376318
8.224750809
8.565510034
