0.007389520177
0.009979707865
0.01136251547
0.01154121099
0.01105563972
0.01012172493
0.008906491241
0.007666679502
0.006652970217
0.005977780144
0.005584493641
0.005317844796
0.00510783084
0.00495892401
0.004900345431
0.004910982065
0.004926014355
0.004870661022
0.004714353102
0.004474976207
0.004223571487
0.004022087804
0.003888014198
0.003797257081
0.003655344098
0.003618435112
0.003621522231
0.003609135969
0.003457436242
0.003230601978
0.003099431242
0.003021692832
0.002987289401
0.002991838123
0.002855211331
0.002730319545
0.002641483084
0.002608657215
0.002578964118
0.0024478803
0.002383008886
0.002354166419
0.002276473074
0.002194284671
0.002165740458
0.002115173942
0.002030304781
0.002014061133
0.001931029761
0.001897414187
0.001842500632
0.001800140541
0.001746204911
0.001716237873
0.001653911436
0.001627650533
0.001575864701
0.001529614843
0.00149936109
0.001473036461
0.001434771491
0.001396498292
0.001363338658
0.001330416582
0.001297752955
0.00126813173
0.001241692315
0.001209536602
0.00117479673
0.00114861786
0.001118730309
0.001089242908
0.001058240218
0.00103174662
0.001003192847
0.0009771074228
0.00095287714
0.0009310801924
0.0009090215602
0.0008886551625
0.0008704150545
0.0008519772503
0.0008345609573
0.0008198745112
0.0008057424783
0.0007919977771
0.0007780371246
0.0007636600151
0.0007499510833
0.0007370570143
0.0007259423009
0.0007171363866
0.0007091326454
0.0007046316186
0.0007022936405
0.0007017763908
0.0007017262893
0.0007036949539
0.000709212134
0.0007170798561
0.0007279179423
0.0007411829093
0.0007548967592
0.0007699503491
0.0007864446619
0.0008040403241
0.0008233714502
0.0008439772073
0.0008672872941
0.0008940148473
0.0009224041506
0.000953449218
0.0009876970642
0.00102495127
0.001065787851
0.001110265338
0.001157751955
0.001209246695
0.001264505207
0.001323371629
0.001386662483
0.00145456043
0.001527362344
0.001605113553
0.001687962437
0.001776043978
0.001869308882
0.001968594078
0.002073903696
0.002186545041
0.002306595018
0.002434532391
0.002570145824
0.002713461128
0.002864633269
0.003023991413
0.003191637747
0.003367692261
0.003552431881
0.003746593419
0.003949894146
0.004164416748
0.004390916888
0.004628664644
0.004878183338
0.005142417417
0.005423286072
0.005724539613
0.006047674717
0.006393358638
0.006762519327
0.007155046627
0.007573238348
0.008018075751
0.008487325403
0.008984675031
0.009512696211
0.01007010996
0.01065475566
0.01127069474
0.01191265918
0.01258686369
0.01329938652
0.01405783011
0.01486031993
0.0157144716
