0.01800953198
0.01239257509
0.0100240582
0.00864016526
0.007706139076
0.00702151707
0.006492035379
0.006066776338
0.005715509723
0.005419007574
0.005164379783
0.004942618916
0.004747215497
0.004573332641
0.00441729123
0.004276236392
0.004147914346
0.004030518908
0.003922583335
0.003822902479
0.003730475711
0.003644464357
0.003564159485
0.003488957193
0.003351858839
0.003289126966
0.003173593677
0.003120231851
0.003021150561
0.002930988026
0.002848482982
0.002772610501
0.002702527943
0.002637535285
0.002548331056
0.002493688339
0.002417982906
0.002348827429
0.00228533011
0.002226760348
0.00217251311
0.002106044692
0.002045383096
0.001989730789
0.001938435581
0.001890958251
0.001836301565
0.001786184756
0.001740013757
0.001689132086
0.001650028026
0.001599650968
0.001560016693
0.001517366754
0.001478098512
0.001436822229
0.001398892593
0.00135969295
0.001323690148
0.001286939942
0.001253169206
0.001219011197
0.001187583394
0.001156010531
0.001124587737
0.001095683737
0.001065051255
0.001036951175
0.001009400493
0.0009825111723
0.0009577614576
0.0009323055144
0.0009077007492
0.0008839683275
0.0008601218245
0.0008382263579
0.0008163505701
0.0007954512939
0.0007747808373
0.0007544709199
0.0007352187478
0.0007164083619
0.0006981081683
0.0006808276589
0.0006636435569
0.0006470784641
0.0006307886295
0.0006151901445
0.0005999739065
0.0005854709916
0.0005714066292
0.0005575890418
0.0005443102056
0.0005315810464
0.0005192320913
0.0005073076974
0.0004958406721
0.0004848542962
0.0004742451486
0.0004641636302
0.0004544163174
0.0004450583984
0.0004362130073
0.0004278193367
0.0004198429768
0.0004123839166
0.0004053588483
0.000398860068
0.0003928734824
0.0003874021581
0.0003825179962
0.0003781778172
0.0003744775245
0.0003714166439
0.0003690415096
0.0003673860968
0.0003664947337
0.0003664074431
0.0003671743651
0.0003688447666
0.0003714608279
0.0003750822538
0.0003797492361
0.00038552819
0.0003924736515
0.0004006156026
0.0004100220143
0.0004207654705
0.000432838811
0.0004463639147
0.0004613547098
0.0004778788231
0.0004960048838
0.0005157683753
0.0005372358028
0.0005605092734
0.0005856220444
0.0006126411046
0.0006416706407
0.0006727793932
0.0007060739562
0.0007416241199
0.0007795768741
0.0008200426341
0.0008630934277
0.000908879911
0.0009575542995
0.001009270049
0.001064181617
0.001122404233
0.001184173856
0.001249647395
0.00131902255
0.001392538162
0.001470433932
0.001552869127
0.001640206193
0.001732605382
0.001830430435
0.001933964403
0.002043490689
0.002159415349
0.002282022538
0.002411759909
0.002548993856
0.002694172727
