600.2086404
467.2777192
393.7718736
345.1887283
309.6303342
282.5088459
261.6888559
245.5213721
232.3240254
221.0407149
211.1481271
202.7415322
195.3156354
188.571369
182.3819841
176.7820858
171.7080494
167.0779737
162.8266155
158.9716769
155.3612007
152.1184256
149.0698965
146.0556893
140.3269591
137.8667083
133.4108582
131.3186062
127.51194
123.9377134
120.6948727
117.6316633
114.7824766
112.1430924
108.1875228
105.6818346
102.3002606
99.14913275
96.03842639
93.23349591
90.48734989
86.56697166
81.99184009
77.80194591
74.09451284
70.87269256
67.51908338
64.75702611
62.60356694
60.33447244
58.48662295
55.84105817
53.72394792
51.54776662
51.77574564
52.62534792
53.13764326
53.52245432
53.62924661
53.40046679
52.72289177
52.35240508
52.44635801
52.57353759
52.60595004
52.57330179
52.32390153
51.8784097
51.2128899
50.36362962
49.40624768
48.39868281
47.38627308
46.44603291
43.93227156
41.73747068
39.62961854
37.60509115
35.75084053
33.23384053
30.88972567
28.88482985
26.84646828
24.84701169
22.8180495
21.01697995
19.69857073
18.93753644
18.70462539
18.90597052
18.7998104
18.17649408
17.04984344
15.70211722
15.00518081
14.94952176
15.26378515
15.40626587
15.45593035
15.03634083
13.94197472
12.34872572
11.1501975
10.70992358
10.59986698
11.15562144
11.78403534
11.46573143
10.72042646
10.07787218
10.22849927
9.88981199
9.794426004
10.07987059
9.782543242
8.98314863
8.819340371
9.246404799
8.913870893
8.52396371
8.295927459
8.263655071
7.908751196
7.502303573
7.602780314
7.121319785
6.935532948
6.998884505
6.620462543
6.705756451
6.460017556
6.465968153
6.275936288
6.366283718
6.309124195
6.286016371
6.390809731
6.371896763
6.386795014
6.442876109
6.504666523
6.506725513
6.512117418
6.470982669
6.39137657
6.268877676
6.126081232
6.004588264
5.876101224
5.65280853
5.479642998
5.29749577
5.118973355
4.923026694
4.710698021
4.546820532
4.392317668
4.233185692
3.960190421
3.657284892
3.449810309
3.239354958
2.953396911
2.654306616
2.44219579
2.150510934
