0.007890416853
0.01062342158
0.01199488242
0.01204766361
0.01147034625
0.01050984002
0.009334123263
0.008169849259
0.007227102634
0.006583272789
0.00618200481
0.005895020018
0.005661708342
0.005482243801
0.005378850214
0.005337195042
0.005306589639
0.005222956399
0.005059036225
0.004830233291
0.004595070533
0.00440365081
0.004268902913
0.004170850836
0.004011342914
0.003961368825
0.003929318989
0.003904285268
0.003749379748
0.003531974059
0.003395973227
0.003304737563
0.003251691773
0.003233679455
0.003089267851
0.002967016489
0.002867233183
0.002815354934
0.002769271501
0.002640955886
0.002569077979
0.002521223679
0.002431924102
0.002341009544
0.002299531965
0.002240206553
0.002151938996
0.002125685962
0.002042206008
0.002000571484
0.001945264359
0.001898350281
0.001843893611
0.001811049557
0.001751769877
0.0017196606
0.001666207217
0.0016153584
0.001578507081
0.001541463957
0.001494675167
0.001447384689
0.00140558115
0.001365479296
0.00132407792
0.001285180802
0.001248201381
0.001208399564
0.001169176506
0.001137521131
0.001105054948
0.001073782813
0.001042275547
0.001017810066
0.0009904726901
0.0009627871316
0.0009375779377
0.0009157404364
0.0008938896087
0.000874340825
0.0008564483821
0.0008378015445
0.0008181944558
0.000798373864
0.0007789287571
0.0007574387543
0.0007352753629
0.0007142638926
0.0006936904757
0.0006742788636
0.0006558115782
0.0006358197251
0.0006150711391
0.0005965343196
0.0005794168922
0.0005611587187
0.0005420225944
0.0005257387694
0.000510070231
0.000495089345
0.000480888842
0.0004652720864
0.0004502300481
0.0004359092546
0.0004223404681
0.0004113487906
0.0004001186345
0.0003905990258
0.0003842335062
0.0003770914714
0.0003706684447
0.0003659969474
0.0003619745344
0.0003602403872
0.0003594534801
0.0003587278012
0.0003582950224
0.000359023558
0.0003593949792
0.0003598192384
0.0003613319696
0.0003627081985
0.000364714015
0.0003659320744
0.00036740684
0.0003683809862
0.0003686176324
0.0003691924253
0.0003716893987
0.0003747710444
0.0003783743099
0.0003842769369
0.0003912360307
0.0003985464659
0.0004064012665
0.0004166796451
0.0004285706905
0.0004426260852
0.0004581154613
0.0004754198265
0.0004945299422
0.0005158227011
0.0005394946491
0.0005654077394
0.0005933492922
0.0006239341982
0.0006574375261
0.0006935352866
0.0007323735577
0.0007739657662
0.0008192955662
0.0008672573541
0.0009165440418
0.0009674734648
0.001021525261
0.001079882521
0.001142061557
0.00120538659
0.001269525645
0.001336574859
0.001406343147
0.001479390225
0.001554625212
0.001633130255
0.001722516176
0.001823396253
