0.005951196646
0.007919480618
0.008669398328
0.00830117695
0.007665937279
0.007043503038
0.006517813407
0.006085667447
0.005725261594
0.005421315744
0.005162355329
0.004939099089
0.004744746721
0.004572922106
0.004417577793
0.004276008529
0.004147298733
0.004029538984
0.003921097913
0.003820681844
0.003726761778
0.003638472303
0.0035553105
0.003477165063
0.003335825815
0.003271744178
0.003156259165
0.003104132552
0.003008343814
0.002920397946
0.002839107739
0.002763868149
0.002693702395
0.002629912794
0.002544427159
0.00249254357
0.002419241095
0.0023507675
0.002286167161
0.002226080222
0.002171320521
0.002105188163
0.002047617516
0.001994595436
0.001946885446
0.001901486916
0.001848041264
0.001799484516
0.001755217438
0.001705147601
0.001665450327
0.00161400922
0.00157278223
0.001526903766
0.001484799558
0.001440609225
0.001401254377
0.001362129153
0.001327846534
0.001292488667
0.001259396195
0.001225394162
0.001194394981
0.001164500277
0.001134943289
0.001106827517
0.001076932635
0.001048206954
0.001018635393
0.0009894602277
0.0009619791598
0.0009338789076
0.000906469269
0.0008810389458
0.0008561241948
0.000834223609
0.0008129164631
0.0007938304162
0.0007756254377
0.0007565722547
0.0007381897601
0.0007197647117
0.0007033563424
0.0006894680822
0.0006746051938
0.0006591963952
0.0006432591564
0.0006277422707
0.0006102895051
0.0005921873935
0.0005734516593
0.0005550867996
0.0005382600747
0.0005227050755
0.0005073480467
0.0004909722722
0.0004765485023
0.0004640869231
0.0004523468702
0.0004417803828
0.0004321615547
0.0004239235969
0.0004174661235
0.0004129638796
0.0004090274632
0.0004054108506
0.0004021402988
0.0004006399294
0.0003978163969
0.0003947825548
0.000392460774
0.0003900928443
0.0003878982172
0.0003869536692
0.0003871961331
0.0003865156197
0.0003850371019
0.0003835026156
0.0003826596403
0.0003814720288
0.0003795467495
0.0003786733598
0.0003787440044
0.0003803480872
0.0003834447686
0.0003878402147
0.0003935787005
0.000400667743
0.0004107202239
0.0004232715238
0.0004375551187
0.0004537685315
0.0004736115207
0.0004959673989
0.0005206694044
0.0005479457055
0.0005773064904
0.000608535222
0.0006413512478
0.0006761761061
0.0007129450909
0.0007515367513
0.0007927061905
0.0008357726029
0.0008805591321
0.0009276544168
0.0009771308048
0.001027956191
0.00108039412
0.001136147177
0.001196234482
0.001260648181
0.001329902376
0.001402945954
0.00147952251
0.001560523294
0.001647543026
0.001737170236
0.001829841465
0.001927653653
0.002032736509
0.002143612647
0.002260742976
0.002384970927
0.002517533892
0.002661326785
