462.6180129
286.2407821
221.4752884
186.2785536
163.5769579
147.4489307
135.2576393
125.6357444
117.796938
111.253778
105.6863396
100.8750031
96.66343933
92.9369949
89.60944734
86.61455753
83.9004952
81.42605142
79.15799916
77.06921258
75.1373003
73.34359475
71.672393
70.11037831
67.26999414
65.97337026
63.59022483
62.491581
60.45500428
58.6054444
56.91595096
55.36471188
53.93385939
52.60859838
50.79217253
49.68090549
48.14297614
46.73975918
45.452683
44.26657243
43.16888982
41.82503089
40.5995954
39.47616409
38.44133702
37.48405538
36.3826016
35.3731481
34.44357041
33.41955542
32.63283048
31.61960208
30.82264554
29.96521799
29.17589912
28.34631129
27.58403897
26.79626209
26.07271495
25.33409692
24.65528401
23.96857716
23.33662876
22.70160563
22.06940801
21.48768235
20.87091647
20.30487195
19.74960696
19.20735616
18.70793927
18.19391595
17.69669258
17.21669012
16.73392515
16.29020606
15.84639936
15.42189388
15.00148535
14.58780932
14.19505869
13.81066451
13.43599364
13.08148052
12.728161
12.38672865
12.05005315
11.72669267
11.41020331
11.10743741
10.81262918
10.52166291
10.24059435
9.969603126
9.704994534
9.447594787
9.197990205
8.956567476
8.720890899
8.494138064
8.271747531
8.054659799
7.845465649
7.642461012
7.444416964
7.253412439
7.066832572
6.886554518
6.711603885
6.541277249
6.376993729
6.216210602
6.061183637
5.910519226
5.76458309
5.622998466
5.486060311
5.352914206
5.223917663
5.098875654
4.978044261
4.860849895
4.747558041
4.637724488
4.531316218
4.428563419
4.329139784
4.232809501
4.1399974
4.050079498
3.963278572
3.879438562
3.798443022
3.720330237
3.645002284
3.572278053
3.502217686
3.434766805
3.36979924
3.307292503
3.24715719
3.189383679
3.133848229
3.080508738
3.029373823
2.980359154
2.933399267
2.888442409
2.845446424
2.804402294
2.765221851
2.727882922
2.692342901
2.658547868
2.626455138
2.596058176
2.567280467
2.540123069
2.514527746
2.490468763
2.467922886
2.446847215
2.427227597
2.409026682
2.392225532
2.376798537
