826.8182497
1248.113224
1617.902167
1817.508583
1824.984148
1658.690663
1365.120521
1008.485254
658.6265575
380.4464512
224.7766516
178.9831604
168.579644
206.6939766
310.4960326
429.0704333
516.2548189
547.1161735
516.1700447
434.8713457
327.4497304
225.2415519
158.5692491
134.7889516
140.3296773
178.6223768
292.0224302
323.2324982
287.8861069
172.7324823
109.362824
111.4832052
161.0171612
226.2781852
186.8164798
112.0228742
96.08133534
145.9849036
178.5508923
101.8181096
86.44725763
134.6332152
115.3441704
76.4691789
108.9210859
105.681755
65.66667174
112.9239279
63.62121527
90.08167071
67.33712668
77.95683644
55.10909254
78.2623566
45.68940277
73.46569405
57.11094947
44.65030898
54.94243688
67.40797496
59.55501471
50.3819129
45.57678534
44.98308578
45.29401582
46.15632717
53.40310029
49.39638821
41.66080771
46.38110697
43.03984959
41.79010189
37.79712304
41.51544393
39.5611144
35.46312
34.03658901
33.16701687
28.31207198
25.90817488
25.4351144
24.86958698
21.76497583
20.14755073
20.30562807
19.07946936
17.45350581
16.40915141
16.40494867
16.44840128
17.53652277
16.25172565
15.07748713
14.60857449
13.24466376
12.86290257
12.79505597
13.03884275
12.86265839
12.51190078
12.04405623
10.87672005
9.796558401
9.549174965
8.975861462
9.40198012
9.470385429
9.356960877
8.756127457
7.900284549
8.332446933
7.509041679
7.140486354
7.211644276
7.145214952
6.425824529
6.115494173
6.312253204
5.905895875
5.637084379
5.338821752
5.274850011
5.213112804
4.924201892
5.163328442
4.90788701
4.81589699
4.846658139
4.543761451
4.66370198
4.560396339
4.435139
4.247626871
4.17756679
3.977833238
3.857573274
3.829011658
3.733591145
3.672474453
3.662448709
3.652816404
3.583621406
3.598970658
3.644409988
3.691927994
3.698556599
3.742411467
3.787243605
3.827365982
3.826660816
3.798854626
3.745601203
3.657081328
3.551943232
3.423536419
3.32833145
3.285553553
3.21862065
3.126160608
3.079061002
3.035715474
2.9130341
2.8774836
2.927974928
3.019724642
3.16771977
